0;-0.0;-0.0
1;-0.0;-0.0
2;-0.0;-0.0
3;-0.0;-0.0
4;-0.0;-0.0
5;-0.0;-0.0
6;-0.0;-0.0
7;-0.0;-0.0
8;-0.0;-0.0
9;-0.0;-0.0
10;-0.0;-0.0
11;-0.0;-0.0
12;-0.0;-0.0
13;-0.0;-0.0
14;-0.0;0.1
15;-0.0;0.2
16;-0.0;0.3
17;-0.0;0.3
18;-0.0;0.4
19;-0.0;0.4
20;-0.0;0.4
21;-0.0;0.4
22;-0.0;0.4
23;-1.0;0.4
24;-1.0;0.4
25;-1.0;0.4
26;-1.0;0.4
27;-1.0;0.4
28;-1.0;0.4
29;-1.0;0.4
30;-0.3;0.4
31;-0.0;0.4
32;-0.0;0.4
33;-0.0;0.4
34;-0.0;0.4
35;-0.0;0.4
36;-0.0;0.4
37;-0.0;0.4
38;-0.8;0.4
39;-1.0;0.4
40;-0.0;0.4
41;-0.0;0.4
42;-0.0;0.4
43;-0.0;0.5
44;-0.0;0.5
45;-0.0;0.6
46;-0.0;0.7
47;-0.0;0.7
48;-0.0;0.7
49;-0.0;0.7
50;-0.0;0.7
51;-0.0;0.7
52;-0.0;0.7
53;-0.0;0.7
54;-0.0;0.7
55;-0.0;0.7
56;-0.0;0.7
57;-0.0;0.7
58;-0.0;0.7
59;-0.0;0.7
60;-0.0;0.7
61;-0.0;0.7
62;-0.0;0.7
63;-0.0;0.7
64;-0.0;0.7
65;-0.0;0.7
66;-0.0;0.7
67;-0.0;0.7
68;-0.0;0.7
69;-0.0;0.7
70;-0.0;0.7
71;-0.0;0.7
72;0.1;0.7
73;0.1;0.7
74;0.1;0.7
75;0.2;0.7
76;0.5;0.7
77;0.7;0.7
78;0.7;0.7
79;0.7;0.7
80;0.7;0.7
81;0.7;0.7
82;-0.0;0.7
83;-0.0;0.7
84;-0.0;0.7
85;-0.0;0.7
86;-0.0;0.7
87;-0.0;0.7
88;-0.0;0.7
89;-0.0;0.7
90;-0.0;0.7
91;-0.0;0.7
92;-0.0;0.7
93;-0.0;0.7
94;-0.0;0.7
95;-0.0;0.7
96;-0.0;0.7
97;-0.0;0.7
98;-0.0;0.7
99;-0.0;0.7
100;-0.0;0.7
101;-0.0;0.7
102;-0.0;0.7
103;-0.6;0.7
104;-1.0;0.7
105;-1.0;0.7
106;-1.0;0.7
107;-1.0;0.7
108;-1.0;0.7
109;-1.0;0.7
110;-1.0;0.7
111;-1.0;0.7
112;-1.0;0.7
113;-1.0;0.7
114;-1.0;0.7
115;-1.0;0.7
116;-1.0;0.7
117;-1.0;0.7
118;-1.0;0.7
119;-0.0;0.7
120;-0.0;0.7
121;-0.0;0.7
122;-0.0;0.7
123;-0.0;0.7
124;-0.0;0.7
125;-0.0;0.7
126;-0.3;0.7
127;-1.0;0.7
128;-1.0;0.7
129;-0.0;0.7
130;-0.0;0.7
131;1.0;0.6
132;1.0;0.6
133;1.0;0.6
134;1.0;0.6
135;1.0;0.6
136;1.0;0.6
137;1.0;0.6
138;1.0;0.6
139;1.0;0.6
140;1.0;0.6
141;1.0;0.6
142;0.5;0.6
143;-0.0;0.6
144;-1.0;0.6
145;-1.0;0.6
146;-0.0;0.6
147;-0.0;0.6
148;-0.0;0.6
149;-1.0;0.6
150;-1.0;0.6
151;-1.0;0.6
152;-1.0;0.6
153;-0.0;0.6
154;-0.0;0.6
155;-1.0;0.6
156;-1.0;0.6
157;-1.0;0.6
158;-0.1;0.6
159;-1.0;0.6
160;-1.0;0.6
161;-0.0;0.6
162;-0.0;0.6
163;-0.9;0.6
164;-1.0;0.6
165;-1.0;0.6
166;-0.3;0.6
167;-1.0;0.6
168;-1.0;0.6
169;-0.9;0.6
170;-0.0;0.6
171;-0.0;0.6
172;-0.0;0.6
173;-0.0;0.6
174;-0.0;0.6
175;-0.0;0.6
176;-0.0;0.6
177;-1.0;0.6
178;-1.0;0.6
179;-1.0;0.6
180;-1.0;0.6
181;-0.0;0.6
182;-0.6;0.6
183;-1.0;0.6
184;-1.0;0.6
185;-0.0;0.6
186;-1.0;0.6
187;-1.0;0.6
188;-1.0;0.6
189;-1.0;0.6
190;-0.0;0.6
191;-0.9;0.6
192;-1.0;0.6
193;-0.1;0.6
194;-0.0;0.6
195;-0.0;0.6
196;-0.0;0.6
197;-0.0;0.6
198;-0.0;0.6
199;-0.0;0.6
200;-1.0;0.6
201;-1.0;0.6
202;-1.0;0.6
203;-0.2;0.6
204;-0.0;0.6
205;-0.0;0.6
206;-1.0;0.6
207;-1.0;0.6
208;-0.2;0.6
209;-1.0;0.6
210;-1.0;0.6
211;-1.0;0.6
212;-1.0;0.6
213;-1.0;0.6
214;-1.0;0.6
215;-0.4;0.6
216;-0.8;0.6
217;-1.0;0.6
218;-1.0;0.6
219;-1.0;0.6
220;-1.0;0.6
221;-1.0;0.6
222;-1.0;0.6
223;-0.0;0.6
224;-0.0;0.6
225;-0.0;0.6
226;-0.0;0.6
227;-0.0;0.6
228;-0.0;0.6
229;-0.0;0.6
230;-1.0;0.6
231;-1.0;0.6
232;-1.0;0.6
233;-0.7;0.7
234;-0.7;0.7
235;-0.7;0.7
236;-0.6;0.7
237;-0.0;0.7
238;-0.0;0.7
239;-0.0;0.7
240;-0.0;0.7
241;-0.0;0.7
242;-0.0;0.7
243;-0.4;0.7
244;-0.9;0.7
245;-1.0;0.7
246;-1.0;0.7
247;-1.0;0.7
248;-1.0;0.7
249;-1.0;0.7
250;-0.0;0.7
251;-0.0;0.7
252;-0.0;0.7
253;-0.0;0.7
254;-0.0;0.7
255;-0.0;0.7
256;-0.0;0.7
257;-0.0;0.7
258;-0.0;0.7
259;-0.0;0.7
260;-0.0;0.7
261;-0.0;0.7
262;-0.0;0.7
263;-0.0;0.7
264;-0.0;0.7
265;-0.0;0.7
266;-0.0;0.7
267;-0.0;0.7
268;-0.0;0.7
269;-0.0;0.7
270;-0.0;0.7
271;-0.0;0.7
272;-0.0;0.7
273;-0.0;0.7
274;-0.0;0.7
275;0.1;0.7
276;0.2;0.7
277;-0.0;0.7
278;-0.0;0.7
279;-0.0;0.7
280;-0.0;0.7
281;-0.0;0.7
282;-0.0;0.7
283;-0.0;0.7
284;-0.0;0.7
285;-0.0;0.7
286;-0.0;0.7
287;-0.0;0.7
288;-0.0;0.7
289;-0.0;0.7
290;-0.0;0.7
291;-0.0;0.7
292;-0.0;0.7
293;-0.0;0.7
294;-0.0;0.7
295;-0.0;0.7
296;-0.0;0.7
297;-0.7;0.7
298;-0.0;0.7
299;-0.0;0.7
300;-0.0;0.7
301;-0.0;0.7
302;-0.0;0.7
303;-1.0;0.7
304;-0.0;0.7
305;-0.0;0.7
306;-0.0;0.7
307;-0.0;0.7
308;-0.8;0.7
309;-1.0;0.7
310;-1.0;0.7
311;-0.0;0.7
312;-0.0;0.7
313;-0.0;0.7
314;-0.0;0.7
315;-0.0;0.7
316;-0.0;0.7
317;-0.0;0.7
318;-0.0;0.7
319;-0.0;0.7
320;-0.0;0.7
321;-0.0;0.7
322;-0.0;0.7
323;-0.0;0.7
324;-0.0;0.7
325;-0.0;0.7
326;-0.0;0.7
327;0.2;0.7
328;-0.0;0.7
329;-0.0;0.7
330;-0.0;0.7
331;-0.0;0.7
332;-0.0;0.7
333;-0.0;0.7
334;-0.0;0.7
335;0.8;0.7
336;-0.0;0.7
337;-0.0;0.7
338;-0.0;0.7
339;-0.0;0.7
340;-0.0;0.7
341;-0.0;0.7
342;-0.0;0.7
343;-1.0;0.7
344;-1.0;0.7
345;-0.3;0.7
346;-0.0;0.7
347;-0.0;0.7
348;-0.1;0.7
349;-0.0;0.7
350;-0.0;0.7
351;-0.4;0.7
352;-1.0;0.7
353;-1.0;0.7
354;-1.0;0.7
355;-1.0;0.7
356;-1.0;0.7
357;-1.0;0.7
358;-1.0;0.7
359;-1.0;0.7
360;-1.0;0.7
361;-1.0;0.7
362;-1.0;0.7
363;-1.0;0.7
364;-1.0;0.7
365;-1.0;0.7
366;-1.0;0.7
367;-0.0;0.7
368;-0.0;0.7
369;-0.3;0.7
370;-1.0;0.7
371;-1.0;0.7
372;-1.0;0.7
373;-1.0;0.7
374;-1.0;0.7
375;-0.5;0.7
376;-0.5;0.7
377;-1.0;0.7
378;-1.0;0.7
379;-0.4;0.7
380;-0.0;0.7
381;-0.0;0.7
382;-0.0;0.7
383;-0.0;0.7
384;0.3;0.7
385;1.0;0.7
386;1.0;0.7
387;0.1;0.7
388;-0.0;0.7
389;-0.0;0.7
390;-0.5;0.7
391;-1.0;0.7
392;-1.0;0.7
393;-1.0;0.7
394;-1.0;0.7
395;-0.7;0.7
396;-0.0;0.7
397;-0.0;0.7
398;-0.0;0.7
399;-0.0;0.7
400;-0.0;0.7
401;-1.0;0.7
402;-1.0;0.7
403;-1.0;0.7
404;-1.0;0.7
405;-1.0;0.7
406;-1.0;0.7
407;-1.0;0.7
408;-1.0;0.7
409;-1.0;0.7
410;-1.0;0.7
411;-1.0;0.7
412;-1.0;0.7
413;-1.0;0.7
414;-1.0;0.7
415;-1.0;0.7
416;-1.0;0.7
417;-1.0;0.7
418;-1.0;0.7
419;-1.0;0.7
420;-1.0;0.7
421;-1.0;0.7
422;-1.0;0.7
423;-1.0;0.7
424;-1.0;0.7
425;-1.0;0.7
426;-1.0;0.7
427;-1.0;0.7
428;-0.0;0.7
429;-0.0;0.7
430;-0.0;0.7
431;-0.0;0.7
432;-0.0;0.7
433;-0.0;0.7
434;-0.0;0.7
435;-0.0;0.7
436;-0.0;0.7
437;-0.0;0.7
438;-0.0;0.7
439;-0.0;0.7
440;-0.0;0.7
441;-0.0;0.7
442;0.2;0.7
443;0.3;0.7
444;-0.0;0.7
445;-0.0;0.7
446;-0.0;0.7
447;-0.0;0.7
448;-0.0;0.7
449;-0.0;0.7
450;-0.0;0.7
451;-0.0;0.7
452;-0.0;0.7
453;-0.0;0.7
454;-0.0;0.7
455;-0.0;0.7
456;-0.0;0.7
457;-0.0;0.7
458;-0.0;0.7
459;-0.0;0.7
460;-0.0;0.7
461;-0.0;0.7
462;-0.0;0.7
463;-0.0;0.7
464;-0.0;0.7
465;-0.0;0.7
466;-0.0;0.7
467;-0.0;0.7
468;-0.0;0.7
469;-0.0;0.7
470;-0.0;0.7
471;0.1;0.7
472;0.4;0.7
473;0.3;0.7
474;-0.0;0.7
475;-0.0;0.7
476;1.0;0.7
477;1.0;0.7
478;0.6;0.7
479;0.6;0.7
480;0.7;0.7
481;0.5;0.7
482;-0.0;0.7
483;-0.0;0.7
484;-0.0;0.7
485;-0.0;0.7
486;-0.9;0.7
487;-1.0;0.7
488;-1.0;0.7
489;-0.0;0.7
490;-0.8;0.7
491;-1.0;0.7
492;-1.0;0.7
493;-1.0;0.7
494;-1.0;0.7
495;-1.0;0.7
496;-1.0;0.7
497;-1.0;0.7
498;-1.0;0.7
499;-1.0;0.7
500;-0.5;0.7
501;-0.0;0.7
502;-0.2;0.7
503;-0.8;0.7
504;-0.0;0.7
505;-0.9;0.7
506;-1.0;0.7
507;-0.0;0.7
508;-0.0;0.7
509;-0.0;0.7
510;-0.0;0.7
511;-0.0;0.7
512;0.3;0.7
513;1.0;0.7
514;1.0;0.7
515;1.0;0.7
516;1.0;0.7
517;0.4;0.7
518;-0.0;0.7
519;-0.0;0.7
520;-0.5;0.7
521;-0.0;0.7
522;-0.0;0.7
523;-0.1;0.7
524;-0.9;0.7
525;-1.0;0.7
526;-1.0;0.7
527;-1.0;0.7
528;-1.0;0.7
529;-1.0;0.7
530;-1.0;0.7
531;-1.0;0.7
532;-0.0;0.7
533;-0.0;0.7
534;-0.0;0.7
535;-0.5;0.7
536;-0.8;0.7
537;-0.6;0.7
538;-1.0;0.7
539;-1.0;0.7
540;-0.3;0.7
541;-0.0;0.7
542;-0.0;0.7
543;-0.0;0.7
544;-1.0;0.7
545;-1.0;0.7
546;-1.0;0.7
547;-1.0;0.7
548;-1.0;0.7
549;-1.0;0.7
550;-1.0;0.7
551;-1.0;0.7
552;-1.0;0.7
553;-1.0;0.7
554;-1.0;0.7
555;-0.0;0.7
556;-0.0;0.7
557;-0.0;0.7
558;-0.0;0.7
559;-0.0;0.7
560;-0.0;0.7
561;-1.0;0.7
562;-1.0;0.7
563;-0.0;0.7
564;-0.0;0.7
565;-0.0;0.7
566;-0.0;0.7
567;-0.0;0.7
568;-0.0;0.7
569;-0.0;0.7
570;-0.0;0.7
571;-0.0;0.7
572;-1.0;0.7
573;-1.0;0.7
574;-1.0;0.7
575;-1.0;0.7
576;-1.0;0.7
577;-1.0;0.7
578;-1.0;0.7
579;-1.0;0.7
580;-0.7;0.7
581;-0.6;0.7
582;-0.1;0.7
583;-0.0;0.7
584;-0.9;0.7
585;-1.0;0.7
586;-1.0;0.7
587;-1.0;0.7
588;-1.0;0.7
589;-1.0;0.7
590;-1.0;0.7
591;-1.0;0.7
592;-1.0;0.7
593;-1.0;0.7
594;-1.0;0.7
595;-1.0;0.7
596;-1.0;0.7
597;-0.8;0.7
598;-1.0;0.7
599;-1.0;0.7
600;-0.0;0.7
601;-0.0;0.7
602;-0.0;0.7
603;-0.0;0.7
604;1.0;0.7
605;1.0;0.7
606;1.0;0.7
607;-0.0;0.7
608;0.4;0.7
609;-0.0;0.7
610;-1.0;0.7
611;-1.0;0.7
612;-1.0;0.6
613;-1.0;0.6
614;-1.0;0.6
615;-1.0;0.6
616;-1.0;0.6
617;-1.0;0.6
618;-1.0;0.6
619;-1.0;0.6
620;-1.0;0.6
621;-1.0;0.6
622;-1.0;0.6
623;-1.0;0.6
624;-1.0;0.6
625;-1.0;0.6
626;-1.0;0.6
627;-1.0;0.6
628;-1.0;0.6
629;-1.0;0.6
630;-1.0;0.6
631;-1.0;0.6
632;-1.0;0.6
633;-1.0;0.6
634;-1.0;0.6
635;-1.0;0.6
636;-1.0;0.6
637;-1.0;0.6
638;-1.0;0.6
639;-1.0;0.6
640;-1.0;0.6
641;-1.0;0.6
642;-0.0;0.6
643;-0.0;0.6
644;0.1;0.6
645;0.1;0.6
646;-0.0;0.6
647;-0.0;0.6
648;-0.0;0.6
649;-0.0;0.6
650;0.5;0.6
651;1.0;0.6
652;1.0;0.6
653;-0.0;0.6
654;-0.0;0.6
655;-0.0;0.6
656;-0.0;0.6
657;-0.0;0.6
658;-0.0;0.6
659;-0.0;0.6
660;-0.0;0.6
661;1.0;0.6
662;1.0;0.6
663;1.0;0.6
664;1.0;0.6
665;1.0;0.6
666;1.0;0.6
667;1.0;0.6
668;1.0;0.6
669;0.6;0.6
670;-0.0;0.6
671;-0.0;0.6
672;-0.0;0.6
673;-0.0;0.6
674;-0.0;0.6
675;-0.0;0.6
676;-0.0;0.6
677;-0.0;0.6
678;-0.0;0.6
679;-0.0;0.6
680;0.4;0.6
681;0.7;0.6
682;0.7;0.6
683;0.6;0.6
684;0.3;0.6
685;-0.0;0.6
686;-0.0;0.6
687;-0.0;0.6
688;0.2;0.6
689;1.0;0.6
690;1.0;0.6
691;1.0;0.6
692;1.0;0.6
693;1.0;0.6
694;1.0;0.6
695;1.0;0.6
696;1.0;0.6
697;1.0;0.6
698;1.0;0.6
699;1.0;0.6
700;1.0;0.6
701;-0.0;0.6
702;-0.0;0.6
703;-0.0;0.6
704;-0.0;0.6
705;-0.7;0.6
706;-1.0;0.7
707;-0.7;0.7
708;-0.7;0.7
709;-0.7;0.7
710;-0.0;0.7
711;-0.5;0.7
712;-1.0;0.7
713;-0.8;0.7
714;-0.0;0.7
715;-0.0;0.6
716;-0.0;0.6
717;0.2;0.6
718;-0.0;0.6
719;-0.0;0.6
720;0.2;0.6
721;0.2;0.6
722;-0.0;0.6
723;-0.0;0.6
724;-0.0;0.6
725;0.1;0.6
726;-0.0;0.6
727;-0.0;0.6
728;-0.0;0.6
729;-0.0;0.6
730;0.1;0.6
731;0.2;0.6
732;-0.0;0.6
733;-0.0;0.6
734;-0.0;0.6
735;-0.0;0.6
736;-0.0;0.6
737;-0.0;0.6
738;-0.0;0.6
739;-0.0;0.6
740;-0.0;0.6
741;-0.0;0.6
742;-0.0;0.6
743;-0.0;0.6
744;-0.0;0.6
745;-0.0;0.6
746;-0.0;0.6
747;-0.0;0.6
748;-0.0;0.6
749;-0.0;0.6
750;-0.0;0.6
751;-0.0;0.6
752;0.3;0.6
753;0.7;0.6
754;1.0;0.6
755;1.0;0.6
756;1.0;0.6
757;1.0;0.6
758;1.0;0.6
759;1.0;0.6
760;1.0;0.6
761;0.8;0.6
762;0.3;0.6
763;0.4;0.6
764;0.4;0.6
765;0.7;0.6
766;0.9;0.6
767;0.9;0.6
768;0.9;0.6
769;0.9;0.6
770;0.9;0.6
771;0.9;0.6
772;0.9;0.6
773;0.9;0.6
774;0.5;0.6
775;0.4;0.6
776;0.4;0.6
777;0.4;0.6
778;0.4;0.6
779;0.4;0.6
780;0.4;0.6
781;0.4;0.6
782;0.4;0.6
783;0.4;0.6
784;0.3;0.6
785;0.2;0.6
786;0.2;0.6
787;0.2;0.6
788;0.1;0.6
789;-0.0;0.6
790;-0.0;0.6
791;-0.0;0.6
792;-0.0;0.6
793;-0.0;0.6
794;-0.0;0.6
795;-0.0;0.6
796;-0.0;0.6
797;-0.0;0.6
798;-0.0;0.6
799;-0.0;0.6
800;-0.0;0.6
801;-0.0;0.6
802;-0.0;0.6
803;-0.0;0.6
804;-0.0;0.6
805;-0.0;0.6
806;-0.0;0.6
807;0.0;0.6
808;0.6;0.6
809;0.8;0.6
810;0.9;0.6
811;0.9;0.6
812;1.0;0.6
813;1.0;0.6
814;1.0;0.6
815;1.0;0.6
816;1.0;0.6
817;1.0;0.6
818;1.0;0.6
819;1.0;0.6
820;1.0;0.6
821;1.0;0.6
822;1.0;0.6
823;1.0;0.6
824;1.0;0.6
825;1.0;0.6
826;0.8;0.6
827;0.4;0.6
828;-0.0;0.6
829;-0.0;0.6
830;-0.0;0.6
831;-0.0;0.6
832;-0.0;0.6
833;-0.0;0.6
834;0.3;0.6
835;0.7;0.6
836;0.7;0.6
837;0.7;0.6
838;0.7;0.6
839;0.7;0.6
840;0.5;0.6
841;-0.0;0.6
842;-0.0;0.6
843;-0.0;0.6
844;-0.0;0.6
845;-0.0;0.7
846;-0.0;0.7
847;-0.0;0.7
848;-0.0;0.8
849;-0.0;0.8
850;-0.0;0.8
851;-0.0;0.8
852;-0.0;0.8
853;-0.7;0.8
854;-0.7;0.8
855;-0.0;0.8
856;-0.0;0.8
857;-0.0;0.8
858;-0.1;0.8
859;-0.0;0.8
860;-0.0;0.7
861;-0.0;0.7
862;-0.0;0.7
863;-0.0;0.7
864;-0.0;0.7
865;-0.0;0.7
866;-0.0;1.0
867;-0.0;1.0
868;-0.0;1.0
869;-0.0;1.0
870;-0.0;1.0
871;-0.0;1.0
872;-0.0;1.0
873;-0.0;1.0
874;-0.0;1.0
875;-0.0;1.0
876;-0.0;1.0
877;-0.0;1.0
878;-0.0;1.0
879;-0.0;1.0
880;-0.0;1.0
881;-0.0;1.0
882;-0.0;1.0
883;-0.0;1.0
884;-0.0;1.0
885;-0.0;1.0
886;-0.3;1.0
887;-0.0;1.0
888;-0.0;1.0
889;-0.0;1.0
890;-0.0;1.0
891;-0.0;1.0
892;-0.0;1.0
893;-0.0;1.0
894;-0.0;1.0
895;-0.0;1.0
896;-0.0;1.0
897;-0.0;1.0
898;-0.0;1.0
899;-0.0;1.0
900;-0.0;1.0
901;-0.0;1.0
902;-0.0;1.0
903;-0.0;1.0
904;-0.0;1.0
905;-0.0;1.0
906;-0.0;1.0
907;0.0;1.0
908;0.7;1.0
909;0.7;1.0
910;0.4;1.0
911;1.0;1.0
912;1.0;1.0
913;1.0;1.0
914;-0.0;1.0
915;-0.0;1.0
916;-0.0;1.0
917;-0.0;1.0
918;-0.0;1.0
919;-0.0;1.0
920;-0.0;1.0
921;-0.0;1.0
922;1.0;1.0
923;1.0;1.0
924;1.0;1.0
925;1.0;1.0
926;1.0;1.0
927;1.0;1.0
928;1.0;1.0
929;0.9;1.0
930;0.5;1.0
931;0.4;1.0
932;0.4;1.0
933;0.4;1.0
934;-0.0;1.0
935;-0.0;1.0
936;-0.0;1.0
937;-0.0;1.0
938;-0.0;1.0
939;-0.0;1.0
940;-0.0;1.0
941;-0.0;1.0
942;-0.0;1.0
943;-0.0;1.0
944;-0.0;1.0
945;-0.0;1.0
946;-0.0;0.9
947;-0.0;0.9
948;-0.0;0.8
949;0.2;0.8
950;0.3;0.8
951;0.3;0.8
952;0.8;0.8
953;1.0;0.8
954;1.0;0.8
955;1.0;0.8
956;1.0;0.8
957;1.0;0.8
958;1.0;0.8
959;1.0;0.8
960;1.0;0.8
961;1.0;0.7
962;1.0;0.7
963;1.0;0.7
964;1.0;0.7
965;1.0;0.7
966;1.0;0.7
967;1.0;0.7
968;1.0;0.7
969;1.0;0.7
970;1.0;0.7
971;0.6;0.7
972;-0.0;0.7
973;-0.0;0.7
974;-0.0;0.7
975;-0.0;0.6
976;-0.0;0.6
977;-0.0;0.6
978;-0.0;0.6
979;-0.0;0.6
980;0.1;0.6
981;0.4;0.6
982;0.4;0.6
983;0.4;0.6
984;0.4;0.6
985;0.5;0.6
986;1.0;0.6
987;1.0;0.6
988;1.0;0.6
989;1.0;0.6
990;0.4;0.6
991;0.2;0.6
992;-0.0;0.6
993;-0.0;0.6
994;-0.7;0.6
995;-1.0;0.6
996;-1.0;0.6
997;-1.0;0.6
998;-1.0;0.6
999;-1.0;0.6
1000;-1.0;0.6
1001;-1.0;0.6
1002;-1.0;0.6
1003;-1.0;0.6
1004;-1.0;0.6
1005;-1.0;0.6
1006;-1.0;0.6
1007;-1.0;0.6
1008;-1.0;0.6
1009;-1.0;0.6
1010;-1.0;0.6
1011;-1.0;0.6
1012;-1.0;0.6
1013;-1.0;0.6
1014;-1.0;0.6
1015;-1.0;0.6
1016;-1.0;0.6
1017;-0.0;0.6
1018;-0.0;0.6
1019;-0.0;0.6
1020;-0.0;0.6
1021;-0.0;0.6
1022;-0.0;0.6
1023;-0.0;0.6
1024;-0.0;0.6
1025;-0.0;0.6
1026;0.2;0.6
1027;0.4;0.6
1028;0.4;0.6
1029;0.4;0.6
1030;0.4;0.6
1031;0.4;0.6
1032;0.4;0.6
1033;0.4;0.6
1034;0.4;0.6
1035;0.4;0.6
1036;0.5;0.6
1037;0.6;0.6
1038;0.6;0.6
1039;0.9;0.6
1040;1.0;0.6
1041;1.0;0.6
1042;1.0;0.6
1043;0.2;0.6
1044;-0.0;0.6
1045;-0.0;0.6
1046;-0.0;0.6
1047;-1.0;0.6
1048;-1.0;0.6
1049;-0.2;0.6
1050;-0.0;0.6
1051;-0.0;0.6
1052;-0.0;0.6
1053;-1.0;0.6
1054;-1.0;0.6
1055;-0.8;0.6
1056;-1.0;0.6
1057;-0.0;0.6
1058;-0.0;0.6
1059;-0.0;0.6
1060;-0.0;0.6
1061;-0.0;0.6
1062;-0.0;0.6
1063;-0.1;0.6
1064;-0.0;0.6
1065;-0.0;0.6
1066;-0.8;0.6
1067;-1.0;0.6
1068;-0.0;0.6
1069;-0.0;0.6
1070;-0.0;0.6
1071;-0.0;0.6
1072;-0.0;0.6
1073;-0.0;0.6
1074;0.3;0.6
1075;0.3;0.6
1076;-0.0;0.6
1077;-0.0;0.6
1078;-0.0;0.6
1079;-0.0;0.6
1080;-0.0;0.6
1081;-0.0;0.6
1082;-0.0;0.6
1083;-0.0;0.6
1084;-0.0;0.6
1085;-0.0;0.6
1086;-0.0;0.6
1087;-0.0;0.6
1088;0.2;0.6
1089;0.2;0.6
1090;0.2;0.6
1091;0.2;0.6
1092;0.2;0.6
1093;0.4;0.6
1094;0.7;0.6
1095;1.0;0.6
1096;1.0;0.6
1097;1.0;0.6
1098;1.0;0.6
1099;1.0;0.6
1100;1.0;0.6
1101;-0.0;0.6
1102;-0.0;0.6
1103;-0.0;0.6
1104;-0.0;0.6
1105;0.4;0.6
1106;0.5;0.6
1107;0.5;0.6
1108;0.5;0.6
1109;0.6;0.6
1110;0.7;0.6
1111;0.7;0.6
1112;0.8;0.6
1113;0.9;0.6
1114;0.9;0.6
1115;0.9;0.6
1116;0.9;0.6
1117;0.9;0.6
1118;0.9;0.6
1119;0.9;0.6
1120;0.7;0.6
1121;-0.0;0.6
1122;-0.0;0.6
1123;-0.0;0.6
1124;-0.0;0.6
1125;-0.0;0.6
1126;-0.0;0.6
1127;-0.0;0.6
1128;-0.0;0.6
1129;-0.0;0.6
1130;-0.0;0.6
1131;-0.0;0.6
1132;-0.0;0.6
1133;-0.0;0.6
1134;-0.0;0.6
1135;-0.0;0.6
1136;-0.0;0.6
1137;-0.0;0.6
1138;0.2;0.6
1139;0.3;0.6
1140;0.4;0.6
1141;0.4;0.6
1142;0.4;0.6
1143;0.4;0.6
1144;0.4;0.6
1145;0.4;0.6
1146;0.4;0.6
1147;0.4;0.6
1148;0.4;0.6
1149;0.5;0.6
1150;0.7;0.6
1151;0.7;0.6
1152;0.7;0.6
1153;0.7;0.6
1154;0.7;0.6
1155;0.7;0.6
1156;0.7;0.6
1157;0.7;0.6
1158;0.7;0.6
1159;0.7;0.6
1160;0.7;0.6
1161;0.7;0.6
1162;0.7;0.6
1163;0.7;0.6
1164;0.7;0.6
1165;0.8;0.6
1166;0.8;0.6
1167;0.8;0.6
1168;0.8;0.6
1169;0.8;0.6
1170;0.8;0.6
1171;0.6;0.6
1172;0.5;0.6
1173;0.5;0.6
1174;0.5;0.6
1175;0.5;0.6
1176;0.6;0.6
1177;1.0;0.6
1178;1.0;0.6
1179;1.0;0.6
1180;-0.0;0.6
1181;-0.0;0.6
1182;-0.0;0.6
1183;-1.0;0.6
1184;-1.0;0.6
1185;-0.9;0.6
1186;-0.9;0.6
1187;-0.9;0.6
1188;-0.9;0.6
1189;-0.9;0.6
1190;-0.9;0.6
1191;-0.0;0.6
1192;-0.0;0.6
1193;-0.0;0.6
1194;-0.0;0.6
1195;-0.0;0.6
1196;-0.0;0.6
1197;-0.0;0.6
1198;-0.0;0.6
1199;-0.0;0.6
1200;-0.0;0.6
1201;-0.0;0.6
1202;-0.0;0.6
1203;-0.0;0.6
1204;-0.0;0.6
1205;-0.0;0.6
1206;-0.0;0.6
1207;-0.0;0.6
1208;-0.0;0.6
1209;-0.0;0.6
1210;-0.0;0.6
1211;0.1;0.6
1212;0.2;0.6
1213;0.1;0.6
1214;-0.0;0.6
1215;-0.0;0.6
1216;-0.0;0.6
1217;0.5;0.6
1218;0.5;0.6
1219;-0.0;0.6
1220;-0.0;0.6
1221;-0.0;0.6
1222;-0.0;0.6
1223;-0.0;0.6
1224;-0.0;0.6
1225;-0.0;0.6
1226;-0.0;0.6
1227;-0.0;0.6
1228;-0.0;0.6
1229;-0.0;0.6
1230;-0.0;0.6
1231;-0.0;0.6
1232;-0.0;0.6
1233;-0.0;0.6
1234;-0.0;0.6
1235;-0.2;0.6
1236;-0.3;0.6
1237;-0.0;0.6
1238;-0.0;0.6
1239;-0.0;0.6
1240;-0.0;0.6
1241;-0.0;0.6
1242;1.0;0.6
1243;1.0;0.6
1244;1.0;0.6
1245;1.0;0.6
1246;1.0;0.6
1247;1.0;0.6
1248;1.0;0.6
1249;1.0;0.6
1250;1.0;0.6
1251;1.0;0.6
1252;1.0;0.6
1253;1.0;0.6
1254;1.0;0.6
1255;1.0;0.6
1256;1.0;0.6
1257;1.0;0.6
1258;1.0;0.6
1259;1.0;0.6
1260;1.0;0.6
1261;1.0;0.6
1262;1.0;0.6
1263;1.0;0.6
1264;1.0;0.6
1265;1.0;0.6
1266;0.7;0.6
1267;-0.0;0.6
1268;-0.1;0.6
1269;-0.5;0.6
1270;-0.5;0.6
1271;-1.0;0.6
1272;-1.0;0.6
1273;-0.0;0.6
1274;-0.0;0.6
1275;-0.0;0.6
1276;-0.0;0.6
1277;-0.0;0.6
1278;-0.0;0.6
1279;-0.0;0.6
1280;-0.0;0.6
1281;-0.0;0.6
1282;-0.0;0.6
1283;-0.0;0.6
1284;-0.0;0.6
1285;-0.0;0.6
1286;-1.0;0.6
1287;-1.0;0.6
1288;-1.0;0.6
1289;-1.0;0.6
1290;-1.0;0.6
1291;-1.0;0.6
1292;-1.0;0.6
1293;-1.0;0.6
1294;-1.0;0.6
1295;-1.0;0.6
1296;-1.0;0.6
1297;-1.0;0.6
1298;-1.0;0.6
1299;-1.0;0.6
1300;-1.0;0.6
1301;-0.2;0.6
1302;-0.2;0.6
1303;-0.2;0.6
1304;-0.0;0.6
1305;-0.0;0.6
1306;-0.0;0.6
1307;-0.5;0.6
1308;-1.0;0.6
1309;-0.2;0.6
1310;-0.2;0.6
1311;-0.2;0.6
1312;-0.2;0.6
1313;-1.0;0.6
1314;-1.0;0.6
1315;-1.0;0.6
1316;-1.0;0.6
1317;-1.0;0.6
1318;-1.0;0.6
1319;-1.0;0.6
1320;-1.0;0.6
1321;-0.0;0.6
1322;-0.0;0.6
1323;-0.3;0.6
1324;-1.0;0.6
1325;-1.0;0.6
1326;-0.2;0.6
1327;-0.1;0.6
1328;-1.0;0.6
1329;-1.0;0.6
1330;-1.0;0.6
1331;-0.5;0.6
1332;-0.5;0.6
1333;-0.0;0.6
1334;-0.0;0.6
1335;-0.0;0.6
1336;-0.0;0.6
1337;-0.0;0.6
1338;-0.0;0.6
1339;-0.0;0.6
1340;-0.0;0.6
1341;-0.0;0.6
1342;-0.0;0.6
1343;-0.6;0.6
1344;-1.0;0.6
1345;-0.9;0.6
1346;-0.1;0.6
1347;-0.1;0.6
1348;-0.1;0.6
1349;-0.0;0.6
1350;-0.0;0.6
1351;-0.0;0.6
1352;-0.2;0.6
1353;-0.2;0.6
1354;-1.0;0.6
1355;-1.0;0.6
1356;-1.0;0.6
1357;-1.0;0.6
1358;-1.0;0.6
1359;-1.0;0.6
1360;-1.0;0.6
1361;-1.0;0.6
1362;-1.0;0.6
1363;-1.0;0.6
1364;-1.0;0.6
1365;-1.0;0.6
1366;-1.0;0.6
1367;-0.8;0.6
1368;-0.7;0.6
1369;-0.5;0.6
1370;-0.0;0.6
1371;-0.0;0.6
1372;-0.0;0.6
1373;-0.0;0.6
1374;-0.0;0.6
1375;-0.9;0.6
1376;-1.0;0.6
1377;-1.0;0.6
1378;-1.0;0.6
1379;-1.0;0.6
1380;-1.0;0.6
1381;-1.0;0.6
1382;-1.0;0.6
1383;-1.0;0.6
1384;-1.0;0.6
1385;-1.0;0.6
1386;-1.0;0.6
1387;-1.0;0.6
1388;-0.0;0.6
1389;-0.0;0.6
1390;-0.0;0.6
1391;-0.0;0.6
1392;-0.0;0.6
1393;-0.0;0.6
1394;-0.0;0.6
1395;-0.0;0.6
1396;-0.0;0.6
1397;-0.0;0.6
1398;-1.0;0.6
1399;-1.0;0.6
1400;-1.0;0.6
1401;-1.0;0.6
1402;-1.0;0.6
1403;-1.0;0.6
1404;-1.0;0.6
1405;-0.6;0.6
1406;-0.6;0.6
1407;-0.6;0.6
1408;-0.6;0.6
1409;-0.8;0.6
1410;-1.0;0.6
1411;-1.0;0.6
1412;-1.0;0.6
1413;-1.0;0.6
1414;-1.0;0.6
1415;-1.0;0.6
1416;-0.9;0.6
1417;-0.0;0.6
1418;-0.0;0.6
1419;-0.0;0.6
1420;-0.0;0.6
1421;-0.0;0.6
1422;-0.6;0.6
1423;-1.0;0.6
1424;-1.0;0.6
1425;-1.0;0.6
1426;-1.0;0.6
1427;-1.0;0.6
1428;-1.0;0.6
1429;-0.5;0.6
1430;-0.0;0.6
1431;-0.0;0.6
1432;-0.1;0.6
1433;-0.2;0.6
1434;-0.2;0.6
1435;-0.2;0.6
1436;-1.0;0.6
1437;-1.0;0.6
1438;-0.9;0.6
1439;-0.0;0.6
1440;-0.0;0.6
1441;-0.0;0.6
1442;-0.0;0.6
1443;-0.0;0.6
1444;-0.0;0.6
1445;-0.0;0.6
1446;-0.0;0.6
1447;-0.0;0.6
1448;-0.3;0.6
1449;-0.3;0.6
1450;-0.3;0.6
1451;-0.0;0.6
1452;-0.0;0.6
1453;-0.0;0.6
1454;-0.0;0.6
1455;-0.0;0.6
1456;-0.0;0.6
1457;0.1;0.6
1458;0.4;0.6
1459;0.4;0.6
1460;-0.0;0.6
1461;-0.0;0.6
1462;-0.0;0.6
1463;-0.0;0.6
1464;-0.0;0.6
1465;-0.0;0.6
1466;-0.0;0.6
1467;-0.0;0.6
1468;-0.0;0.6
1469;-0.0;0.6
1470;-0.0;0.6
1471;-0.8;0.6
1472;-1.0;0.6
1473;-0.0;0.6
1474;-0.0;0.6
1475;-0.0;0.6
1476;-0.0;0.6
1477;-0.0;0.6
1478;-0.1;0.6
1479;-1.0;0.6
1480;-1.0;0.6
1481;-0.0;0.6
1482;-0.0;0.6
1483;-0.0;0.6
1484;-0.0;0.6
1485;-0.0;0.6
1486;-0.0;0.6
1487;-0.0;0.6
1488;-0.0;0.6
1489;-0.0;0.6
1490;-0.0;0.6
1491;-0.0;0.6
1492;-0.0;0.6
1493;-0.0;0.6
1494;-0.0;0.6
1495;-0.0;0.6
1496;-0.0;0.6
1497;-0.0;0.6
1498;-0.0;0.6
1499;-0.4;0.6
1500;-0.0;0.6
1501;-0.0;0.6
1502;-0.0;0.6
1503;-0.0;0.6
1504;-0.2;0.6
1505;-0.2;0.6
1506;-0.2;0.6
1507;-0.2;0.6
1508;-0.0;0.6
1509;-0.0;0.6
1510;-0.0;0.6
1511;-0.0;0.5
1512;-0.0;0.5
1513;-0.0;0.5
1514;-0.0;0.5
1515;-0.0;0.5
1516;-0.0;0.5
1517;-0.0;0.5
1518;-0.0;0.5
1519;-0.0;0.5
1520;-0.0;0.5
1521;-0.0;0.5
1522;-0.0;0.6
1523;-0.0;0.6
1524;-0.0;0.6
1525;-0.0;0.6
1526;-0.0;0.6
1527;-0.0;0.6
1528;-0.0;0.6
1529;-0.0;0.7
1530;-0.1;0.7
1531;-0.3;0.7
1532;-0.3;0.7
1533;-0.2;0.7
1534;-0.2;0.7
1535;-0.2;0.7
1536;-0.2;0.7
1537;-0.2;0.7
1538;-0.1;0.7
1539;-0.2;0.7
1540;-0.3;0.7
1541;-0.3;0.7
1542;-0.0;0.7
1543;-0.0;0.7
1544;-0.0;0.7
1545;-0.0;0.7
1546;-0.0;0.7
1547;-0.0;0.7
1548;-0.0;0.7
1549;-0.0;0.7
1550;-0.6;0.7
1551;-1.0;0.7
1552;-1.0;0.7
1553;-1.0;0.7
1554;-1.0;0.7
1555;-1.0;0.7
1556;-1.0;0.7
1557;-1.0;0.7
1558;-0.9;0.7
1559;-0.9;0.7
1560;-0.9;0.7
1561;-0.9;0.7
1562;-0.8;0.7
1563;-0.3;0.7
1564;-0.0;0.7
1565;-0.0;0.7
1566;-0.0;0.7
1567;-0.1;0.7
1568;-1.0;0.7
1569;-1.0;0.7
1570;-1.0;0.7
1571;-1.0;0.7
1572;-1.0;0.7
1573;-1.0;0.7
1574;-1.0;0.7
1575;-1.0;0.7
1576;-1.0;0.7
1577;-1.0;0.7
1578;-1.0;0.7
1579;-1.0;0.7
1580;-1.0;0.7
1581;-1.0;0.7
1582;-1.0;0.7
1583;-1.0;0.7
1584;-1.0;0.7
1585;-1.0;0.7
1586;-1.0;0.7
1587;-1.0;0.7
1588;-1.0;0.7
1589;-1.0;0.7
1590;-1.0;0.7
1591;-1.0;0.7
1592;-1.0;0.7
1593;-1.0;0.7
1594;-1.0;0.7
1595;-1.0;0.7
1596;-0.3;0.7
1597;-0.0;0.7
1598;-0.0;0.7
1599;-0.0;0.7
1600;-0.0;0.7
1601;-0.0;0.7
1602;-0.2;0.7
1603;-1.0;0.7
1604;-1.0;0.7
1605;-1.0;0.7
1606;-1.0;0.7
1607;-1.0;0.7
1608;-1.0;0.7
1609;-1.0;0.7
1610;-1.0;0.7
1611;-0.1;0.7
1612;-0.0;0.7
1613;-0.8;0.7
1614;-1.0;0.7
1615;-1.0;0.7
1616;-1.0;0.7
1617;-1.0;0.7
1618;-1.0;0.7
1619;-1.0;0.7
1620;-1.0;0.7
1621;-1.0;0.7
1622;-1.0;0.7
1623;-1.0;0.7
1624;-1.0;0.7
1625;-1.0;0.7
1626;-1.0;0.7
1627;-1.0;0.7
1628;-1.0;0.7
1629;-1.0;0.7
1630;-1.0;0.7
1631;-1.0;0.7
1632;-1.0;0.7
1633;-1.0;0.7
1634;-1.0;0.7
1635;-1.0;0.7
1636;-1.0;0.7
1637;-1.0;0.7
1638;-1.0;0.7
1639;-1.0;0.6
1640;-1.0;0.7
1641;-1.0;-0.0
1642;-1.0;-0.0
1643;-1.0;-0.0
1644;-1.0;-0.0
1645;-1.0;-0.0
